### NIRSPEC Brown Dwarf Spectroscopic Survey (BDSS)
### McLean et al. 2007, ApJ, 658. 1217
### Please cite the above reference if you use  
### or display this data in your publication.
###     2MASS 0036 -- NIRSPEC-3 Filter, dispersion order 62
### lambda (microns)   Flambda (Normalized)
       1.2208438      0.81223873
       1.2208613      0.79836041
       1.2208788      0.80147617
       1.2208963      0.79170832
       1.2209139      0.79341248
       1.2209314      0.75789201
       1.2209489      0.78597414
       1.2209664      0.80064969
       1.2209840      0.79170466
       1.2210014      0.80590115
       1.2210189      0.81557392
       1.2210364      0.83593246
       1.2210539      0.84731671
       1.2210715      0.84627812
       1.2210890      0.88039796
       1.2211065      0.90393809
       1.2211240      0.91016963
       1.2211414      0.90191577
       1.2211590      0.89093013
       1.2211765      0.89407150
       1.2211940      0.87010715
       1.2212115      0.86600400
       1.2212291      0.83732212
       1.2212466      0.81220216
       1.2212641      0.80830014
       1.2212816      0.79789231
       1.2212990      0.73608493
       1.2213166      0.69749294
       1.2213341      0.70158366
       1.2213516      0.71598128
       1.2213691      0.68581357
       1.2213866      0.66085598
       1.2214042      0.63136298
       1.2214217      0.61610487
       1.2214392      0.60553869
       1.2214566      0.59776975
       1.2214741      0.59906213
       1.2214917      0.58392726
       1.2215092      0.58832444
       1.2215267      0.57636019
       1.2215442      0.59417784
       1.2215618      0.61719612
       1.2215793      0.61702533
       1.2215967      0.64260753
       1.2216142      0.65900627
       1.2216317      0.67093980
       1.2216493      0.65500075
       1.2216668      0.63576967
       1.2216843      0.65735330
       1.2217018      0.70210332
       1.2217194      0.74520952
       1.2217369      0.77544928
       1.2217543      0.79785574
       1.2217718      0.78150893
       1.2217893      0.77027828
       1.2218069      0.75795418
       1.2218244      0.76602518
       1.2218419      0.74990511
       1.2218594      0.73247766
       1.2218770      0.71368871
       1.2218945      0.69599832
       1.2219119      0.68322587
       1.2219294      0.67942734
       1.2219469      0.65508450
       1.2219645      0.64664670
       1.2219820      0.62644285
       1.2219994      0.63113478
       1.2220169      0.63170345
       1.2220344      0.63638588
       1.2220519      0.64276076
       1.2220694      0.65896239
       1.2220869      0.66309078
       1.2221044      0.68188814
       1.2221219      0.70904761
       1.2221395      0.71352670
       1.2221570      0.73065757
       1.2221745      0.72426184
       1.2221920      0.73482399
       1.2222094      0.73252886
       1.2222270      0.74307383
       1.2222445      0.74857762
       1.2222620      0.73561354
       1.2222795      0.74771091
       1.2222971      0.74552402
       1.2223146      0.75697410
       1.2223321      0.76512556
       1.2223496      0.76845709
       1.2223670      0.77012834
       1.2223846      0.76161484
       1.2224021      0.66170916
       1.2224196      0.74563007
       1.2224371      0.74390031
       1.2224547      0.71983650
       1.2224722      0.69802613
       1.2224897      0.65727248
       1.2225071      0.60873747
       1.2225246      0.57640553
       1.2225422      0.55564509
       1.2225597      0.57293870
       1.2225772      0.59557957
       1.2225947      0.61173767
       1.2226123      0.63005048
       1.2226298      0.62646625
       1.2226473      0.63518528
       1.2226647      0.59822395
       1.2226822      0.63667258
       1.2226998      0.65982068
       1.2227173      0.68148441
       1.2227348      0.71446546
       1.2227523      0.72328761
       1.2227698      0.72314279
       1.2227874      0.73121490
       1.2228049      0.70766380
       1.2228223      0.70920669
       1.2228398      0.70209381
       1.2228573      0.70175627
       1.2228749      0.69554741
       1.2228924      0.69967178
       1.2229099      0.69597784
       1.2229274      0.69358360
       1.2229450      0.70680550
       1.2229624      0.68186400
       1.2229799      0.66683153
       1.2229974      0.64565674
       1.2230149      0.64915101
       1.2230325      0.65779105
       1.2230500      0.64835927
       1.2230675      0.64138975
       1.2230850      0.63574663
       1.2231026      0.63494063
       1.2231200      0.63609624
       1.2231375      0.63968230
       1.2231550      0.64921464
       1.2231725      0.66216263
       1.2231901      0.68050543
       1.2232076      0.70755518
       1.2232250      0.72637924
       1.2232425      0.76417840
       1.2232601      0.80226974
       1.2232775      0.82706057
       1.2232950      0.84765315
       1.2233125      0.86076351
       1.2233300      0.87741750
       1.2233476      0.90314818
       1.2233651      0.92977482
       1.2233826      0.95384887
       1.2234001      0.97389291
       1.2234175      0.97305911
       1.2234351      0.99467932
       1.2234526      0.99568499
       1.2234701      0.97495344
       1.2234876      0.94774168
       1.2235052      0.93077318
       1.2235227      0.94243537
       1.2235402      0.94859742
       1.2235577      0.96151030
       1.2235751      0.96550009
       1.2235927      0.95163273
       1.2236102      0.94358732
       1.2236277      0.92485250
       1.2236452      0.89580492
       1.2236627      0.88280061
       1.2236803      0.87953125
       1.2236978      0.90257769
       1.2237153      0.90677958
       1.2237327      0.91411919
       1.2237502      0.89788941
       1.2237678      0.88409885
       1.2237853      0.87705546
       1.2238028      0.86664397
       1.2238203      0.84688884
       1.2238379      0.83301417
       1.2238554      0.82057304
       1.2238728      0.81811188
       1.2238903      0.79538360
       1.2239078      0.78108472
       1.2239254      0.76300450
       1.2239429      0.75856489
       1.2239604      0.76286187
       1.2239779      0.76507070
       1.2239955      0.78152356
       1.2240130      0.79719016
       1.2240304      0.81446585
       1.2240479      0.82975212
       1.2240654      0.85480991
       1.2240830      0.87218799
       1.2241005      0.87886202
       1.2241180      0.88716342
       1.2241355      0.88899192
       1.2241531      0.87388118
       1.2241706      0.86189353
       1.2241880      0.85152226
       1.2242055      0.85173071
       1.2242230      0.87155533
       1.2242406      0.88019317
       1.2242581      0.86285166
       1.2242756      0.85983463
       1.2242931      0.84248947
       1.2243106      0.84082553
       1.2243281      0.83518643
       1.2243456      0.81182915
       1.2243631      0.73109312
       1.2243806      0.79928197
       1.2243981      0.79196431
       1.2244157      0.79274691
       1.2244331      0.81971731
       1.2244506      0.81872626
       1.2244681      0.81995135
       1.2244855      0.81399775
       1.2245031      0.81092587
       1.2245206      0.79735473
       1.2245381      0.79045762
       1.2245556      0.77246151
       1.2245732      0.76539983
       1.2245907      0.73935831
       1.2246082      0.73122514
       1.2246256      0.72413896
       1.2246431      0.72213931
       1.2246607      0.72011224
       1.2246782      0.71778711
       1.2246957      0.71899648
       1.2247132      0.72621285
       1.2247308      0.73773460
       1.2247483      0.74415996
       1.2247658      0.74713676
       1.2247832      0.76221824
       1.2248007      0.77142292
       1.2248183      0.78515131
       1.2248358      0.81389536
       1.2248533      0.80142497
       1.2248708      0.85188796
       1.2248884      0.86328684
       1.2249059      0.87546466
       1.2249234      0.87323755
       1.2249408      0.89987882
       1.2249583      0.97022859
       1.2249759      0.89908525
       1.2249934      0.89293783
       1.2250109      0.90429648
       1.2250284      0.90164149
       1.2250460      0.89901577
       1.2250635      0.89678134
       1.2250809      0.90300190
       1.2250984      0.88277136
       1.2251159      0.86540791
       1.2251335      0.86666591
       1.2251510      0.85887650
       1.2251685      0.84954382
       1.2251860      0.84681570
       1.2252035      0.83242539
       1.2252211      0.83124418
       1.2252385      0.82775540
       1.2252560      0.82594518
       1.2252735      0.82657784
       1.2252910      0.81166824
       1.2253086      0.80779182
       1.2253261      0.81056383
       1.2253436      0.82191151
       1.2253611      0.83292640
       1.2253787      0.84759830
       1.2253961      0.85210373
       1.2254136      0.85077989
       1.2254311      0.85623248
       1.2254486      0.86062454
       1.2254662      0.86210197
       1.2254837      0.86318810
       1.2255012      0.87104700
       1.2255187      0.87894247
       1.2255361      0.87238912
       1.2255537      0.86302354
       1.2255712      0.87362153
       1.2255887      0.86737172
       1.2256062      0.87478080
       1.2256238      0.86788370
       1.2256413      0.86217146
       1.2256587      0.87636429
       1.2256762      0.89010365
       1.2256936      0.89371311
       1.2257112      0.89186998
       1.2257287      0.91177871
       1.2257462      0.90804125
       1.2257637      0.90514856
       1.2257813      0.89874515
       1.2257988      0.88111839
       1.2258163      0.87050211
       1.2258338      0.85485379
       1.2258512      0.83370169
       1.2258688      0.82570382
       1.2258863      0.80974466
       1.2259038      0.77891978
       1.2259213      0.77598686
       1.2259388      0.74096008
       1.2259564      0.70762869
       1.2259739      0.69146985
       1.2259913      0.69258743
       1.2260088      0.69366332
       1.2260263      0.68932392
       1.2260439      0.68119185
       1.2260614      0.67699141
       1.2260789      0.67460449
       1.2260964      0.67893840
       1.2261140      0.69174486
       1.2261315      0.69748526
       1.2261489      0.70917670
       1.2261664      0.73059723
       1.2261839      0.73393937
       1.2262015      0.75073159
       1.2262190      0.75416552
       1.2262365      0.76807310
       1.2262540      0.77602343
       1.2262716      0.78081045
       1.2262891      0.80819409
       1.2263065      0.81007013
       1.2263240      0.82816498
       1.2263415      0.84002099
       1.2263591      0.86206906
       1.2263766      0.85848885
       1.2263941      0.84315504
       1.2264116      0.84881608
       1.2264292      0.84600750
       1.2264466      0.82279650
       1.2264641      0.81136837
       1.2264816      0.80431035
       1.2264991      0.80203204
       1.2265167      0.81401604
       1.2265342      0.79890530
       1.2265517      0.80476748
       1.2265692      0.80725058
       1.2265868      0.79854691
       1.2266042      0.80200278
       1.2266217      0.80163708
       1.2266392      0.81590671
       1.2266567      0.82224429
       1.2266743      0.82395943
       1.2266918      0.82473471
       1.2267093      0.81258249
       1.2267268      0.80222586
       1.2267443      0.81288602
       1.2267617      0.81516068
       1.2267793      0.80161880
       1.2267968      0.80271590
       1.2268143      0.79553720
       1.2268318      0.79803859
       1.2268494      0.79754855
       1.2268668      0.80065335
       1.2268843      0.81837518
       1.2269017      0.82587570
       1.2269192      0.80877921
       1.2269368      0.78331549
       1.2269543      0.81028955
       1.2269718      0.84823827
       1.2269893      0.89538070
       1.2270069      0.96012064
       1.2270244      0.95272983
       1.2270419      0.90994655
       1.2270593      0.91846371
       1.2270768      0.92193421
       1.2270944      0.91219926
       1.2271119      0.91046950
       1.2271294      0.88793139
       1.2271469      0.83885440
       1.2271645      0.89532585
       1.2271820      0.88332722
       1.2271995      0.86847979
       1.2272169      0.84491772
       1.2272344      0.84011241
       1.2272520      0.83375288
       1.2272695      0.81641503
       1.2272870      0.79783745
       1.2273045      0.78542924
       1.2273221      0.78184172
       1.2273396      0.77483856
       1.2273570      0.76921409
       1.2273745      0.75423500
       1.2273920      0.75710575
       1.2274096      0.75600865
       1.2274271      0.74598480
       1.2274446      0.73432628
       1.2274621      0.72211189
       1.2274796      0.70465811
       1.2274972      0.70106985
       1.2275146      0.69396064
       1.2275321      0.68718494
       1.2275496      0.67945696
       1.2275671      0.68736340
       1.2275847      0.68137323
       1.2276022      0.68222422
       1.2276197      0.69128079
       1.2276372      0.69581437
       1.2276548      0.70007881
       1.2276722      0.70800609
       1.2276897      0.72737943
       1.2277072      0.73703612
       1.2277247      0.74880801
       1.2277423      0.75957423
       1.2277598      0.76809139
       1.2277773      0.78347640
       1.2277948      0.80501249
       1.2278122      0.81071011
       1.2278298      0.82637671
       1.2278473      0.83729652
       1.2278648      0.83940295
       1.2278823      0.84538215
       1.2278999      0.84510788
       1.2279174      0.84188240
       1.2279349      0.84881974
       1.2279524      0.82860748
       1.2279698      0.80675323
       1.2279874      0.86094636
       1.2280049      0.86683048
       1.2280224      0.87271460
       1.2280399      0.87173452
       1.2280575      0.86748143
       1.2280750      0.87216239
       1.2280924      0.87590350
       1.2281099      0.86830791
       1.2281273      0.86204346
       1.2281449      0.85675544
       1.2281624      0.85325203
       1.2281799      0.84616475
       1.2281974      0.85380058
       1.2282149      0.86556150
       1.2282325      0.86367814
       1.2282500      0.86051483
       1.2282674      0.86385734
       1.2282849      0.86728760
       1.2283024      0.86255544
       1.2283200      0.85873387
       1.2283375      0.85615203
       1.2283550      0.86214220
       1.2283725      0.86131938
       1.2283901      0.86095368
       1.2284076      0.86188621
       1.2284250      0.85797322
       1.2284425      0.85158809
       1.2284600      0.83911039
       1.2284776      0.83167936
       1.2284951      0.82141415
       1.2285126      0.80399950
       1.2285301      0.79320037
       1.2285477      0.76244863
       1.2285652      0.74542894
       1.2285826      0.73733160
       1.2286001      0.72320825
       1.2286176      0.71687103
       1.2286352      0.71928539
       1.2286527      0.73015583
       1.2286702      0.73766512
       1.2286877      0.74558985
       1.2287053      0.74798518
       1.2287227      0.75091810
       1.2287402      0.76305204
       1.2287577      0.76195494
       1.2287752      0.76309958
       1.2287928      0.77333919
       1.2288103      0.77510552
       1.2288278      0.77634159
       1.2288453      0.78285105
       1.2288629      0.81808262
       1.2288803      0.82870622
       1.2288978      0.82683383
       1.2289153      0.82994594
       1.2289328      0.82448604
       1.2289504      0.81046509
       1.2289679      0.80725424
       1.2289854      0.80754680
       1.2290029      0.79487528
       1.2290204      0.78435408
       1.2290379      0.77752646
       1.2290554      0.76943717
       1.2290729      0.75937675
       1.2290904      0.75234068
       1.2291079      0.75451659
       1.2291255      0.74809489
       1.2291430      0.74012628
       1.2291605      0.73571594
       1.2291779      0.73593170
       1.2291954      0.74188165
       1.2292130      0.73939123
       1.2292305      0.74364066
       1.2292480      0.74327862
       1.2292655      0.74625908
       1.2292831      0.75674371
       1.2293005      0.76651888
       1.2293180      0.76646037
       1.2293354      0.76395532
       1.2293529      0.76477814
       1.2293705      0.76057625
       1.2293880      0.74507055
       1.2294055      0.73145041
       1.2294230      0.71100557
       1.2294406      0.70995747
       1.2294581      0.72529896
       1.2294756      0.72993495
       1.2294930      0.74171342
       1.2295105      0.74466828
       1.2295281      0.74953941
       1.2295456      0.73480900
       1.2295631      0.73021288
       1.2295806      0.71527439
       1.2295982      0.70246098
       1.2296157      0.68591231
       1.2296331      0.66378012
       1.2296506      0.65422876
       1.2296681      0.64146948
       1.2296857      0.63467696
       1.2297032      0.62516985
       1.2297207      0.61845705
       1.2297382      0.61960828
       1.2297557      0.56728168
       1.2297733      0.63169613
       1.2297907      0.64154481
       1.2298082      0.65157999
       1.2298257      0.66956111
       1.2298432      0.68608163
       1.2298608      0.69947138
       1.2298783      0.71235829
       1.2298958      0.71768143
       1.2299133      0.72117569
       1.2299309      0.72617408
       1.2299483      0.71476241
       1.2299658      0.70657913
       1.2299833      0.68866164
       1.2300008      0.67202886
       1.2300184      0.65919863
       1.2300359      0.63414377
       1.2300534      0.62634374
       1.2300709      0.61026536
       1.2300883      0.61487648
       1.2301059      0.62037734
       1.2301234      0.61162394
       1.2301409      0.62362074
       1.2301584      0.62383431
       1.2301760      0.63420630
       1.2301935      0.63705803
       1.2302110      0.63988014
       1.2302285      0.63345479
       1.2302459      0.64828979
       1.2302635      0.66644717
       1.2302810      0.68315639
       1.2302985      0.69409046
       1.2303160      0.71134676
       1.2303336      0.72786874
       1.2303511      0.73125732
       1.2303686      0.73670077
       1.2303861      0.74117219
       1.2304035      0.75224559
       1.2304211      0.76038974
       1.2304386      0.76921775
       1.2304561      0.77035507
       1.2304736      0.78531222
       1.2304912      0.80073380
       1.2305087      0.81235941
       1.2305261      0.81627241
       1.2305435      0.83306902
       1.2305610      0.83457205
       1.2305786      0.84446059
       1.2305961      0.85701874
       1.2306136      0.85938482
       1.2306311      0.85538406
       1.2306486      0.86297234
       1.2306662      0.85294484
       1.2306837      0.86116212
       1.2307011      0.85587775
       1.2307186      0.85622151
       1.2307361      0.85218052
       1.2307537      0.84450813
       1.2307712      0.83351884
       1.2307887      0.82208704
       1.2308062      0.81096610
       1.2308238      0.81787783
       1.2308413      0.81141225
       1.2308587      0.80769308
       1.2308762      0.80801124
       1.2308937      0.80441275
       1.2309113      0.81215462
       1.2309288      0.81679536
       1.2309463      0.82146901
       1.2309638      0.78862181
       1.2309814      0.77293326
       1.2309988      0.83054569
       1.2310163      0.83661632
       1.2310338      0.82563068
       1.2310513      0.82925477
       1.2310689      0.81182915
       1.2310864      0.78526468
       1.2311039      0.75412895
       1.2311214      0.72739772
       1.2311390      0.70431106
       1.2311564      0.68998474
       1.2311739      0.66198417
       1.2311914      0.64783010
       1.2312089      0.63151584
       1.2312265      0.63518236
       1.2312440      0.62381822
       1.2312615      0.63365665
       1.2312790      0.62511097
       1.2312964      0.63677681
       1.2313140      0.63805676
       1.2313315      0.65611248
       1.2313490      0.67775061
       1.2313665      0.69273957
       1.2313840      0.71115038
       1.2314016      0.73479437
       1.2314191      0.75208103
       1.2314366      0.75656086
       1.2314540      0.76394435
       1.2314715      0.75460802
       1.2314891      0.75839667
       1.2315066      0.75571609
       1.2315241      0.73968379
       1.2315416      0.73304450
       1.2315592      0.73299513
       1.2315767      0.72940944
       1.2315942      0.72737212
       1.2316116      0.72154176
       1.2316291      0.72426623
       1.2316467      0.75540086
       1.2316642      0.73938611
       1.2316817      0.71405148
       1.2316992      0.71644280
       1.2317168      0.72165586
       1.2317342      0.72745404
       1.2317517      0.73756638
       1.2317691      0.73605421
       1.2317866      0.74152692
       1.2318042      0.74147206
       1.2318217      0.74238997
       1.2318392      0.73274755
       1.2318567      0.72946868
       1.2318743      0.72987314
       1.2318918      0.72625088
       1.2319092      0.72060520
       1.2319267      0.70862998
       1.2319442      0.70409529
       1.2319618      0.71522282
       1.2319793      0.71608112
       1.2319968      0.71561558
       1.2320143      0.71557975
       1.2320319      0.72919148
       1.2320494      0.73031308
       1.2320668      0.73299878
       1.2320843      0.74249237
       1.2321018      0.74346147
       1.2321193      0.75250524
       1.2321369      0.75352554
       1.2321544      0.73322186
       1.2321719      0.72596198
       1.2321894      0.71428553
       1.2322068      0.70703260
       1.2322244      0.69485331
       1.2322419      0.67424500
       1.2322594      0.66050747
       1.2322769      0.64831209
       1.2322945      0.65150576
       1.2323120      0.63747127
       1.2323295      0.63225712
       1.2323470      0.63665722
       1.2323644      0.64275893
       1.2323820      0.63768009
       1.2323995      0.65232419
       1.2324170      0.65212708
       1.2324345      0.66475764
       1.2324521      0.69091180
       1.2324696      0.70088554
       1.2324871      0.72054888
       1.2325046      0.72793347
       1.2325220      0.74081746
       1.2325396      0.71901587
       1.2325571      0.73446817
       1.2325746      0.75291848
       1.2325921      0.74601406
       1.2326097      0.74566664
       1.2326272      0.74305920
       1.2326447      0.73719702
       1.2326621      0.72892817
       1.2326796      0.71492807
       1.2326972      0.70504611
       1.2327147      0.70263176
       1.2327322      0.70379396
       1.2327497      0.70059554
       1.2327673      0.69209228
       1.2327848      0.69157225
       1.2328023      0.69458050
       1.2328197      0.69491439
       1.2328372      0.68766182
       1.2328548      0.69068396
       1.2328723      0.68712387
       1.2328898      0.69189589
       1.2329073      0.70008100
       1.2329248      0.70561734
       1.2329424      0.70646320
       1.2329598      0.70961042
       1.2329772      0.71017579
       1.2329947      0.70940782
       1.2330122      0.71139540
       1.2330298      0.71436928
       1.2330473      0.72248197
       1.2330648      0.70429899
       1.2330823      0.70489252
       1.2330999      0.72922622
       1.2331173      0.73699260
       1.2331348      0.74075163
       1.2331523      0.74294949
       1.2331698      0.73610358
       1.2331874      0.73831241
       1.2332049      0.74121973
       1.2332224      0.74492062
       1.2332399      0.73611821
       1.2332575      0.73136045
       1.2332749      0.71726709
       1.2332924      0.71177902
       1.2333099      0.71088927
       1.2333274      0.70035564
       1.2333450      0.69278930
       1.2333625      0.66796190
       1.2333800      0.64161356
       1.2333975      0.61519171
       1.2334151      0.59777670
       1.2334325      0.57855585
       1.2334500      0.56595418
       1.2334675      0.55072021
       1.2334850      0.54453658
       1.2335026      0.54023997
       1.2335201      0.54616321
       1.2335376      0.55608174
       1.2335551      0.55101167
       1.2335725      0.56131930
       1.2335901      0.56868597
       1.2336076      0.58026587
       1.2336251      0.58789657
       1.2336426      0.60399762
       1.2336601      0.61425369
       1.2336777      0.62981205
       1.2336952      0.63815550
       1.2337127      0.65421560
       1.2337301      0.66510688
       1.2337476      0.68442061
       1.2337652      0.68674208
       1.2337827      0.68591816
       1.2338002      0.70762101
       1.2338177      0.71222957
       1.2338353      0.72309964
       1.2338528      0.72304918
       1.2338703      0.74238997
       1.2338877      0.75028910
       1.2339052      0.74752074
       1.2339228      0.81024567
       1.2339403      0.80207592
       1.2339578      0.74879338
       1.2339753      0.75009528
       1.2339929      0.73440051
       1.2340104      0.72507369
       1.2340278      0.71480080
       1.2340453      0.70898471
       1.2340628      0.70802950
       1.2340804      0.69707385
       1.2340979      0.70069867
       1.2341154      0.70233298
       1.2341329      0.70761991
       1.2341505      0.70908454
       1.2341679      0.71389131
       1.2341853      0.71255723
       1.2342028      0.71735559
       1.2342203      0.71157130
       1.2342379      0.71135956
       1.2342554      0.69752073
       1.2342729      0.69495425
       1.2342904      0.69206046
       1.2343080      0.68425971
       1.2343255      0.68017776
       1.2343429      0.68310775
       1.2343604      0.68904014
       1.2343779      0.68146612
       1.2343955      0.69407583
       1.2344130      0.69445543
       1.2344305      0.70484681
       1.2344480      0.70803279
       1.2344655      0.72400182
       1.2344830      0.72361565
       1.2345005      0.72849665
       1.2345180      0.73558794
       1.2345355      0.74196941
       1.2345530      0.73429702
       1.2345706      0.73455301
       1.2345881      0.71726636
       1.2346056      0.70061968
       1.2346231      0.67628195
       1.2346405      0.65634105
       1.2346581      0.63374662
       1.2346756      0.59991165
       1.2346931      0.57558527
       1.2347106      0.55058197
       1.2347282      0.53948041
       1.2347457      0.52726675
       1.2347632      0.52137275
       1.2347807      0.52027273
       1.2347981      0.52721408
       1.2348157      0.53273360
       1.2348332      0.54730968
       1.2348507      0.56398160
       1.2348682      0.57523456
       1.2348858      0.59788385
       1.2349033      0.61705130
       1.2349208      0.63210938
       1.2349382      0.65180051
       1.2349557      0.67419051
       1.2349733      0.69193941
       1.2349908      0.69700144
       1.2350083      0.69682151
       1.2350258      0.70223022
       1.2350434      0.70324577
       1.2350609      0.70282156
       1.2350784      0.69525120
       1.2350958      0.69092021
       1.2351133      0.69405718
       1.2351309      0.68395910
       1.2351484      0.69475055
       1.2351659      0.69425101
       1.2351834      0.69864197
       1.2352009      0.70016328
       1.2352185      0.71041130
       1.2352360      0.71028952
       1.2352534      0.71465416
       1.2352709      0.70412491
       1.2352884      0.70515034
       1.2353060      0.69739091
       1.2353235      0.69888077
       1.2353410      0.68835226
       1.2353585      0.67957582
       1.2353761      0.67581239
       1.2353934      0.68470769
       1.2354109      0.67978500
       1.2354284      0.67304002
       1.2354459      0.68141017
       1.2354635      0.68901856
       1.2354810      0.70086835
       1.2354985      0.70931786
       1.2355160      0.71400138
       1.2355336      0.72604316
       1.2355510      0.73244146
       1.2355685      0.74353461
       1.2355860      0.76228772
       1.2356035      0.77024902
       1.2356211      0.76960173
       1.2356386      0.77837123
       1.2356561      0.77468497
       1.2356736      0.77845534
       1.2356912      0.77443629
       1.2357086      0.76370298
       1.2357261      0.75042441
       1.2357436      0.74526072
       1.2357611      0.72563870
       1.2357787      0.71815354
       1.2357962      0.70316129
       1.2358137      0.69353862
       1.2358312      0.67923681
       1.2358486      0.66361080
       1.2358662      0.64577962
       1.2358837      0.64049891
       1.2359012      0.62691826
       1.2359187      0.61802699
       1.2359363      0.60444378
       1.2359538      0.58592471
       1.2359713      0.57674746
       1.2359888      0.56837951
       1.2360062      0.55002501
       1.2360237      0.54598695
       1.2360413      0.54416356
       1.2360588      0.54345301
       1.2360763      0.53613644
       1.2360938      0.53968483
       1.2361114      0.55401882
       1.2361289      0.55397165
       1.2361464      0.56812425
       1.2361638      0.58368224
       1.2361813      0.59682661
       1.2361989      0.60939756
       1.2362164      0.62302136
       1.2362339      0.64292313
       1.2362514      0.66241716
       1.2362690      0.67891719
       1.2362865      0.68864445
       1.2363039      0.71282017
       1.2363214      0.73353380
       1.2363389      0.73992149
       1.2363565      0.74966009
       1.2363740      0.75260764
       1.2363915      0.75435934
       1.2364090      0.74371380
       1.2364266      0.73996684
       1.2364441      0.72966872
       1.2364615      0.72213712
       1.2364790      0.71421678
       1.2364965      0.70862157
       1.2365141      0.69476006
       1.2365316      0.68854681
       1.2365491      0.68623559
       1.2365666      0.67996638
       1.2365842      0.67094236
       1.2366016      0.65478353
       1.2366190      0.64649676
       1.2366365      0.62322213
       1.2366540      0.61481906
       1.2366716      0.62968076
       1.2366891      0.62653647
       1.2367066      0.62313984
       1.2367241      0.63732938
       1.2367416      0.62961640
       1.2367591      0.63054637
       1.2367766      0.62860779
       1.2367941      0.63475814
       1.2368116      0.63952322
       1.2368291      0.63748956
       1.2368467      0.65967221
       1.2368642      0.67653429
       1.2368817      0.69101565
       1.2368992      0.71360021
       1.2369166      0.72858661
       1.2369342      0.74816803
       1.2369517      0.75832353
       1.2369692      0.76345431
       1.2369867      0.76860703
       1.2370043      0.76925432
       1.2370218      0.76422594
       1.2370393      0.76139542
       1.2370568      0.76105531
       1.2370742      0.75532845
       1.2370918      0.75309036
       1.2371093      0.77487879
       1.2371268      0.79339419
       1.2371443      0.79360630
       1.2371619      0.84086576
       1.2371794      0.82681555
       1.2371969      0.77173011
       1.2372143      0.76827424
       1.2372318      0.77197147
       1.2372494      0.77378169
       1.2372669      0.78007539
       1.2372844      0.76504145
       1.2373019      0.76708571
       1.2373195      0.76719177
       1.2373370      0.75946086
       1.2373545      0.74602869
       1.2373719      0.73687192
       1.2373894      0.71997034
       1.2374070      0.71387302
       1.2374245      0.69970140
       1.2374420      0.69038628
       1.2374595      0.67314132
       1.2374770      0.65496894
       1.2374946      0.63977957
       1.2375120      0.62291347
       1.2375295      0.60153390
       1.2375470      0.59210615
       1.2375645      0.59220489
       1.2375821      0.58871903
       1.2375996      0.58318672
       1.2376171      0.58209400
       1.2376346      0.57318408
       1.2376522      0.56219954
       1.2376696      0.55868918
       1.2376871      0.55089794
       1.2377046      0.54641335
       1.2377221      0.54353163
       1.2377397      0.54152211
       1.2377572      0.54138790
       1.2377747      0.55444340
       1.2377922      0.55751638
       1.2378098      0.57972317
       1.2378271      0.57717460
       1.2378446      0.48106014
       1.2378621      0.59233398
       1.2378796      0.61093862
       1.2378972      0.62258581
       1.2379147      0.62939698
       1.2379322      0.61753402
       1.2379497      0.64408606
       1.2379673      0.66315989
       1.2379847      0.66953551
       1.2380022      0.67491497
       1.2380197      0.68258151
       1.2380372      0.68509826
       1.2380548      0.69130127
       1.2380723      0.68277240
       1.2380898      0.66570590
       1.2381073      0.66063034
       1.2381247      0.66867465
       1.2381423      0.67057045
       1.2381598      0.66280882
       1.2381773      0.66450640
       1.2381948      0.66966899
       1.2382124      0.66664538
       1.2382299      0.66935925
       1.2382474      0.67154979
       1.2382649      0.68092086
       1.2382823      0.67909455
       1.2382999      0.69598333
       1.2383174      0.69954744
       1.2383349      0.71315954
       1.2383524      0.71820182
       1.2383699      0.71428553
       1.2383875      0.72886491
       1.2384050      0.71927222
       1.2384224      0.72144229
       1.2384399      0.72834159
       1.2384574      0.72662975
       1.2384750      0.72387017
       1.2384925      0.72249368
       1.2385100      0.70257142
       1.2385275      0.67920426
       1.2385451      0.69431061
       1.2385626      0.67218721
       1.2385800      0.65095172
       1.2385975      0.71190012
       1.2386150      0.71190012
       1.2386326      0.71190012
       1.2386501      0.71190012
       1.2386676      0.71190012
       1.2386851      0.71190012
       1.2387027      0.71190012
       1.2387202      0.71190012
       1.2387376      0.71190012
       1.2387551      0.71190012
