### NIRSPEC Brown Dwarf Spectroscopic Survey (BDSS)
### McLean et al. 2007, ApJ, 658. 1217
### Please cite the above reference if you use  
### or display this data in your publication.
###     2MASS 0036 -- NIRSPEC-3 Filter, dispersion order 59
### lambda (microns)   Flambda (Normalized)
       1.2825221       1.0024908
       1.2825405      0.99981767
       1.2825590      0.98465407
       1.2825775      0.98354869
       1.2825960      0.97212548
       1.2826145      0.94684742
       1.2826329      0.94484946
       1.2826514      0.92952707
       1.2826699      0.90738947
       1.2826884      0.90080058
       1.2827068      0.82509105
       1.2827253      0.89504042
       1.2827438      0.89116362
       1.2827623      0.88171499
       1.2827807      0.89175127
       1.2827992      0.89492366
       1.2828176      0.89585620
       1.2828360      0.89621613
       1.2828544      0.90078183
       1.2828729      0.89295913
       1.2828914      0.91131874
       1.2829099      0.92023650
       1.2829283      0.96346833
       1.2829468      0.97339564
       1.2829653      0.93798610
       1.2829838      0.94172248
       1.2830023      0.95327592
       1.2830207      0.95873619
       1.2830392      0.95625044
       1.2830577      0.94068701
       1.2830762      0.93875796
       1.2830946      0.93494930
       1.2831130      0.91954602
       1.2831315      0.90611685
       1.2831500      0.89257908
       1.2831684      0.88337371
       1.2831869      0.88577192
       1.2832054      0.86043195
       1.2832239      0.85702325
       1.2832423      0.85904471
       1.2832608      0.85172831
       1.2832793      0.84970966
       1.2832978      0.84638172
       1.2833163      0.84271020
       1.2833347      0.83145523
       1.2833532      0.83350364
       1.2833717      0.81768208
       1.2833902      0.81455289
       1.2834085      0.80907400
       1.2834270      0.80400169
       1.2834455      0.78843906
       1.2834640      0.79396118
       1.2834824      0.78537163
       1.2835009      0.76300413
       1.2835194      0.76398521
       1.2835379      0.79101092
       1.2835563      0.78714585
       1.2835748      0.79645682
       1.2835933      0.81839299
       1.2836118      0.83587971
       1.2836303      0.85030374
       1.2836487      0.85547648
       1.2836672      0.86819255
       1.2836857      0.89005239
       1.2837040      0.89842082
       1.2837225      0.90113171
       1.2837410      0.91360711
       1.2837595      0.91908045
       1.2837780      0.92111403
       1.2837964      0.91503971
       1.2838149      0.89490120
       1.2838334      0.92510444
       1.2838519      0.91710664
       1.2838703      0.91315761
       1.2838888      0.90827683
       1.2839073      0.90133111
       1.2839258      0.89922448
       1.2839442      0.88583997
       1.2839627      0.87021678
       1.2839812      0.86771639
       1.2839996      0.85890221
       1.2840180      0.84713317
       1.2840365      0.82182037
       1.2840549      0.81160128
       1.2840734      0.80670180
       1.2840918      0.79917194
       1.2841103      0.78098041
       1.2841288      0.77538615
       1.2841473      0.77151296
       1.2841658      0.76621404
       1.2841842      0.76689722
       1.2842027      0.76712309
       1.2842212      0.77803140
       1.2842397      0.78750548
       1.2842581      0.80037822
       1.2842766      0.81307776
       1.2842950      0.81734918
       1.2843135      0.83112583
       1.2843319      0.84484403
       1.2843504      0.85803625
       1.2843689      0.86411467
       1.2843874      0.86308340
       1.2844058      0.86200963
       1.2844243      0.86126409
       1.2844428      0.84997401
       1.2844613      0.84264153
       1.2844798      0.86348953
       1.2844982      0.85708683
       1.2845167      0.85124129
       1.2845352      0.84312102
       1.2845537      0.85155281
       1.2845721      0.84480984
       1.2845905      0.84313798
       1.2846090      0.83464766
       1.2846275      0.84026334
       1.2846459      0.84066951
       1.2846644      0.83560810
       1.2846829      0.83458189
       1.2847014      0.83289110
       1.2847198      0.83406258
       1.2847383      0.82755643
       1.2847568      0.82302826
       1.2847753      0.82434171
       1.2847938      0.81939942
       1.2848122      0.83690883
       1.2848307      0.83313555
       1.2848492      0.83620369
       1.2848677      0.84371110
       1.2848860      0.84418149
       1.2849045      0.84366650
       1.2849230      0.84030995
       1.2849415      0.85106090
       1.2849599      0.87355577
       1.2849784      0.86635397
       1.2849969      0.85791762
       1.2850154      0.86439573
       1.2850338      0.86524350
       1.2850523      0.86516851
       1.2850708      0.85452619
       1.2850893      0.85326790
       1.2851078      0.84399347
       1.2851262      0.84850552
       1.2851447      0.84447131
       1.2851632      0.83885660
       1.2851815      0.83551987
       1.2852000      0.85403870
       1.2852185      0.82459246
       1.2852370      0.82090462
       1.2852554      0.81586219
       1.2852738      0.82982697
       1.2852923      0.83083783
       1.2853108      0.84380308
       1.2853293      0.85709997
       1.2853477      0.87546500
       1.2853662      0.88340409
       1.2853847      0.88279318
       1.2854032      0.89938345
       1.2854216      0.91407755
       1.2854401      0.91004439
       1.2854586      0.91043815
       1.2854770      0.92604691
       1.2854954      0.93852499
       1.2855139      0.93238250
       1.2855324      0.92644874
       1.2855509      0.92441420
       1.2855693      0.92233716
       1.2855878      0.90150443
       1.2856063      0.87879120
       1.2856248      0.86720116
       1.2856433      0.84882276
       1.2856617      0.82926694
       1.2856802      0.80940906
       1.2856987      0.78403159
       1.2857172      0.76734343
       1.2857356      0.75400718
       1.2857541      0.74830843
       1.2857725      0.72050983
       1.2857910      0.71823165
       1.2858094      0.70446327
       1.2858279      0.69820602
       1.2858464      0.69483514
       1.2858649      0.70136976
       1.2858833      0.70744022
       1.2859018      0.70771124
       1.2859203      0.71446797
       1.2859388      0.71904058
       1.2859573      0.72778661
       1.2859757      0.72277867
       1.2859942      0.72849919
       1.2860127      0.73609525
       1.2860312      0.74978803
       1.2860496      0.74642743
       1.2860680      0.73082212
       1.2860865      0.73407213
       1.2861050      0.72954353
       1.2861234      0.72441795
       1.2861419      0.72702791
       1.2861604      0.72566517
       1.2861789      0.72268264
       1.2861973      0.71254228
       1.2862158      0.72826999
       1.2862343      0.72878556
       1.2862528      0.73411243
       1.2862713      0.73494780
       1.2862897      0.74089939
       1.2863082      0.74955077
       1.2863267      0.75166436
       1.2863452      0.74772678
       1.2863635      0.75260428
       1.2863820      0.75902826
       1.2864005      0.76033698
       1.2864190      0.77474903
       1.2864374      0.78999188
       1.2864559      0.78411806
       1.2864743      0.79474535
       1.2864928      0.80318003
       1.2865112      0.80848748
       1.2865297      0.78526068
       1.2865482      0.75806442
       1.2865667      0.79068884
       1.2865852      0.80266274
       1.2866036      0.80177062
       1.2866221      0.78381249
       1.2866406      0.78283261
       1.2866589      0.78290696
       1.2866774      0.78026814
       1.2866959      0.76755686
       1.2867144      0.76838472
       1.2867329      0.76360897
       1.2867513      0.76009077
       1.2867698      0.75745572
       1.2867883      0.75589935
       1.2868068      0.78628095
       1.2868252      0.79758241
       1.2868437      0.75403487
       1.2868622      0.75789314
       1.2868807      0.76131895
       1.2868991      0.76869406
       1.2869176      0.77415112
       1.2869361      0.78875052
       1.2869545      0.78805728
       1.2869729      0.79639695
       1.2869914      0.79592970
       1.2870099      0.80180376
       1.2870284      0.80869476
       1.2870468      0.80634368
       1.2870653      0.81471059
       1.2870838      0.82837995
       1.2871023      0.84878094
       1.2871208      0.85788105
       1.2871392      0.85380737
       1.2871577      0.85170825
       1.2871762      0.86934489
       1.2871947      0.87566211
       1.2872131      0.87236000
       1.2872316      0.88022939
       1.2872500      0.87648247
       1.2872685      0.88208544
       1.2872869      0.89462557
       1.2873054      0.89909106
       1.2873239      0.88887140
       1.2873424      0.88892664
       1.2873608      0.89255953
       1.2873793      0.89618497
       1.2873978      0.89197467
       1.2874163      0.89964768
       1.2874348      0.89850299
       1.2874532      0.91322426
       1.2874717      0.91470161
       1.2874902      0.91779578
       1.2875087      0.92053234
       1.2875271      0.93856404
       1.2875455      0.93652262
       1.2875640      0.93801928
       1.2875825      0.94207035
       1.2876009      0.94244341
       1.2876194      0.93884153
       1.2876379      0.93111757
       1.2876564      0.92623538
       1.2876748      0.90291564
       1.2876932      0.88184965
       1.2877117      0.85445834
       1.2877302      0.83849754
       1.2877487      0.81602589
       1.2877671      0.78924160
       1.2877856      0.77253587
       1.2878041      0.75678863
       1.2878226      0.74331071
       1.2878409      0.73075798
       1.2878594      0.72858460
       1.2878779      0.73000865
       1.2878964      0.73541203
       1.2879148      0.74522598
       1.2879333      0.74792717
       1.2879518      0.75354687
       1.2879703      0.76488010
       1.2879887      0.77338042
       1.2880072      0.78156422
       1.2880257      0.78823143
       1.2880442      0.78115871
       1.2880626      0.77573849
       1.2880811      0.76553429
       1.2880996      0.72950431
       1.2881181      0.67943276
       1.2881364      0.70549288
       1.2881549      0.73727165
       1.2881734      0.73168342
       1.2881919      0.72644761
       1.2882103      0.72865124
       1.2882288      0.71756067
       1.2882473      0.72849646
       1.2882658      0.73479674
       1.2882843      0.74363800
       1.2883027      0.75526179
       1.2883212      0.75734087
       1.2883397      0.76657367
       1.2883582      0.77973042
       1.2883766      0.77544065
       1.2883951      0.79332595
       1.2884136      0.79364531
       1.2884321      0.80162053
       1.2884504      0.80447148
       1.2884689      0.80842892
       1.2884874      0.80722338
       1.2885059      0.81242501
       1.2885243      0.81432666
       1.2885428      0.81671214
       1.2885613      0.82144644
       1.2885798      0.83278022
       1.2885983      0.82552687
       1.2886167      0.82503779
       1.2886352      0.81887148
       1.2886537      0.81115278
       1.2886722      0.79836323
       1.2886906      0.78202956
       1.2887091      0.76495834
       1.2887275      0.76106966
       1.2887460      0.76353541
       1.2887644      0.74320258
       1.2887829      0.72973783
       1.2888014      0.72791472
       1.2888199      0.72651808
       1.2888383      0.72802967
       1.2888568      0.73224883
       1.2888753      0.73985201
       1.2888938      0.74472107
       1.2889122      0.75404743
       1.2889306      0.75987500
       1.2889491      0.77424528
       1.2889676      0.78402232
       1.2889861      0.79441574
       1.2890045      0.80518803
       1.2890230      0.81627563
       1.2890414      0.83453013
       1.2890599      0.83560650
       1.2890783      0.85380731
       1.2890968      0.85657778
       1.2891153      0.86659009
       1.2891338      0.87974592
       1.2891522      0.87927094
       1.2891707      0.89005139
       1.2891892      0.89456711
       1.2892077      0.89312887
       1.2892262      0.88919658
       1.2892446      0.89736472
       1.2892631      0.90966459
       1.2892816      0.89929266
       1.2893001      0.89627392
       1.2893185      0.90091079
       1.2893369      0.89797111
       1.2893554      0.90668861
       1.2893739      0.91057412
       1.2893923      0.90103693
       1.2894108      0.89515755
       1.2894293      0.89832484
       1.2894478      0.88773235
       1.2894662      0.87823190
       1.2894847      0.87850000
       1.2895032      0.86261501
       1.2895217      0.85150358
       1.2895401      0.83903936
       1.2895586      0.81943965
       1.2895771      0.81366043
       1.2895956      0.80807532
       1.2896141      0.80693222
       1.2896324      0.84315045
       1.2896509      0.83296714
       1.2896694      0.81569114
       1.2896878      0.82784920
       1.2897063      0.82044038
       1.2897248      0.83819188
       1.2897433      0.84956854
       1.2897618      0.85531883
       1.2897802      0.86971217
       1.2897987      0.89011282
       1.2898172      0.89135111
       1.2898357      0.90532554
       1.2898541      0.90249784
       1.2898726      0.92191864
       1.2898911      0.92653586
       1.2899096      0.91849894
       1.2899279      0.92341915
       1.2899464      0.92670141
       1.2899649      0.92481513
       1.2899834      0.91844163
       1.2900018      0.90883073
       1.2900203      0.89903189
       1.2900388      0.88754108
       1.2900573      0.88307738
       1.2900758      0.86342743
       1.2900942      0.84458028
       1.2901127      0.84467772
       1.2901311      0.84843684
       1.2901496      0.84200905
       1.2901680      0.83475868
       1.2901865      0.84502389
       1.2902050      0.83045415
       1.2902234      0.83649913
       1.2902418      0.83310715
       1.2902603      0.83624877
       1.2902788      0.82172458
       1.2902973      0.81237399
       1.2903157      0.80236813
       1.2903342      0.79966965
       1.2903527      0.78975939
       1.2903712      0.78674164
       1.2903897      0.78948629
       1.2904081      0.79015504
       1.2904266      0.78714774
       1.2904451      0.77760616
       1.2904636      0.79449469
       1.2904820      0.81883898
       1.2905005      0.88099501
       1.2905189      0.88585612
       1.2905374      0.82584455
       1.2905558      0.82699108
       1.2905743      0.83355543
       1.2905928      0.83851143
       1.2906113      0.83701298
       1.2906297      0.83735533
       1.2906482      0.83909232
       1.2906667      0.83813759
       1.2906852      0.83528459
       1.2907037      0.82665629
       1.2907221      0.83095275
       1.2907406      0.82617517
       1.2907591      0.81158573
       1.2907776      0.79575038
       1.2907960      0.79161739
       1.2908144      0.79828403
       1.2908329      0.79904853
       1.2908514      0.80568543
       1.2908698      0.82692309
       1.2908883      0.85506541
       1.2909068      0.86016984
       1.2909253      0.85742561
       1.2909437      0.85927254
       1.2909622      0.84959877
       1.2909807      0.83747801
       1.2909992      0.82488274
       1.2910176      0.82153525
       1.2910361      0.81274206
       1.2910546      0.80334675
       1.2910731      0.79091210
       1.2910916      0.78407102
       1.2911099      0.77189138
       1.2911284      0.78744292
       1.2911469      0.78114650
       1.2911653      0.78082147
       1.2911838      0.78304754
       1.2912023      0.77939676
       1.2912208      0.78788775
       1.2912393      0.79886089
       1.2912577      0.80893496
       1.2912762      0.81538936
       1.2912947      0.81825832
       1.2913132      0.82077110
       1.2913316      0.80977303
       1.2913500      0.80632932
       1.2913685      0.79595723
       1.2913870      0.79821022
       1.2914053      0.79084768
       1.2914238      0.79702722
       1.2914423      0.80425891
       1.2914608      0.80214054
       1.2914792      0.80732914
       1.2914977      0.83273374
       1.2915162      0.83461303
       1.2915347      0.84195300
       1.2915532      0.85801098
       1.2915716      0.87623305
       1.2915901      0.88092276
       1.2916086      0.88517684
       1.2916271      0.87017233
       1.2916455      0.87290407
       1.2916640      0.88405297
       1.2916825      0.88843663
       1.2917009      0.89955215
       1.2917193      0.88225653
       1.2917378      0.88798122
       1.2917563      0.88010729
       1.2917748      0.88360486
       1.2917932      0.88542837
       1.2918117      0.88573509
       1.2918302      0.88147402
       1.2918487      0.87116944
       1.2918672      0.86833184
       1.2918856      0.85037187
       1.2919041      0.84405869
       1.2919226      0.82038818
       1.2919411      0.80209490
       1.2919595      0.78075631
       1.2919780      0.77108950
       1.2919964      0.75823270
       1.2920149      0.74468091
       1.2920333      0.73251677
       1.2920518      0.73023865
       1.2920703      0.72930710
       1.2920888      0.71750650
       1.2921072      0.71269728
       1.2921257      0.71632203
       1.2921442      0.71808558
       1.2921627      0.72926146
       1.2921811      0.74577671
       1.2921996      0.76845301
       1.2922181      0.78745402
       1.2922366      0.80613029
       1.2922551      0.81850988
       1.2922735      0.85364238
       1.2922919      0.86935238
       1.2923104      0.89642324
       1.2923289      0.91446092
       1.2923473      0.93685953
       1.2923658      0.93614879
       1.2923843      0.93865094
       1.2924028      0.93643458
       1.2924212      0.96423090
       1.2924397      0.96550669
       1.2924582      0.94879501
       1.2924767      0.96117374
       1.2924951      0.96380093
       1.2925136      0.95199941
       1.2925321      0.94296623
       1.2925506      0.93499211
       1.2925690      0.93554524
       1.2925873      0.93030703
       1.2926058      0.93520611
       1.2926243      0.92923301
       1.2926427      0.92160606
       1.2926612      0.91478685
       1.2926797      0.90799974
       1.2926982      0.85346311
       1.2927167      0.75759046
       1.2927351      0.83451569
       1.2927536      0.86740716
       1.2927721      0.86834817
       1.2927906      0.85904398
       1.2928090      0.85450370
       1.2928275      0.84881372
       1.2928460      0.83880097
       1.2928645      0.82836734
       1.2928828      0.82153789
       1.2929013      0.81163932
       1.2929198      0.79215270
       1.2929383      0.80580254
       1.2929567      0.80804515
       1.2929752      0.80418984
       1.2929937      0.80300962
       1.2930122      0.80082633
       1.2930307      0.80800263
       1.2930491      0.80540847
       1.2930676      0.79523106
       1.2930861      0.80817361
       1.2931046      0.81430188
       1.2931230      0.82374775
       1.2931415      0.82217579
       1.2931600      0.83612573
       1.2931784      0.84663376
       1.2931968      0.85491719
       1.2932153      0.85585251
       1.2932338      0.85995866
       1.2932523      0.85473510
       1.2932707      0.84370060
       1.2932892      0.84233635
       1.2933077      0.83216731
       1.2933262      0.82877710
       1.2933447      0.81669933
       1.2933631      0.81271873
       1.2933816      0.81446725
       1.2934001      0.80668220
       1.2934186      0.80179876
       1.2934370      0.79733438
       1.2934555      0.78685945
       1.2934739      0.78196611
       1.2934924      0.79250158
       1.2935108      0.77771416
       1.2935293      0.76711797
       1.2935478      0.76762787
       1.2935663      0.76227146
       1.2935847      0.76022149
       1.2936032      0.74559631
       1.2936217      0.75155340
       1.2936402      0.76032030
       1.2936586      0.76843565
       1.2936771      0.77174899
       1.2936956      0.77404978
       1.2937141      0.77263234
       1.2937326      0.77623715
       1.2937510      0.78765322
       1.2937694      0.79876620
       1.2937878      0.80254269
       1.2938062      0.82202871
       1.2938247      0.82750922
       1.2938432      0.80349061
       1.2938617      0.83362976
       1.2938802      0.85838626
       1.2938986      0.87030850
       1.2939171      0.87923248
       1.2939356      0.87322168
       1.2939541      0.87360087
       1.2939725      0.88252851
       1.2939910      0.89463418
       1.2940095      0.88423465
       1.2940280      0.85926910
       1.2940465      0.87476019
       1.2940648      0.90981436
       1.2940833      0.89992204
       1.2941018      0.89888468
       1.2941202      0.89991457
       1.2941387      0.90702029
       1.2941572      0.88856725
       1.2941757      0.88500947
       1.2941942      0.87573753
       1.2942126      0.87301799
       1.2942311      0.86105011
       1.2942496      0.84286890
       1.2942681      0.82521135
       1.2942865      0.82082599
       1.2943050      0.81685739
       1.2943235      0.81113602
       1.2943420      0.81194913
       1.2943603      0.80964102
       1.2943788      0.80567395
       1.2943973      0.82547083
       1.2944158      0.81769300
       1.2944342      0.80789677
       1.2944527      0.81750155
       1.2944712      0.82391110
       1.2944897      0.82610543
       1.2945082      0.82549173
       1.2945266      0.82171437
       1.2945451      0.83234618
       1.2945636      0.83439713
       1.2945821      0.83537550
       1.2946005      0.82789028
       1.2946190      0.83364185
       1.2946375      0.81989536
       1.2946559      0.82226664
       1.2946743      0.81309355
       1.2946928      0.80142463
       1.2947113      0.79688749
       1.2947298      0.79089041
       1.2947482      0.80459019
       1.2947667      0.80185410
       1.2947852      0.79517149
       1.2948037      0.80475515
       1.2948222      0.80141193
       1.2948406      0.79269448
       1.2948591      0.79622149
       1.2948776      0.79085102
       1.2948961      0.78818075
       1.2949145      0.80525099
       1.2949330      0.82148471
       1.2949514      0.82480366
       1.2949699      0.82610311
       1.2949882      0.83028844
       1.2950067      0.84329508
       1.2950252      0.84420083
       1.2950437      0.85515365
       1.2950621      0.87049760
       1.2950806      0.88576468
       1.2950991      0.90632474
       1.2951176      0.92364266
       1.2951360      0.91653957
       1.2951545      0.92838656
       1.2951730      0.92018828
       1.2951915      0.93954259
       1.2952100      0.93685981
       1.2952284      0.93618861
       1.2952468      0.92767827
       1.2952653      0.93237113
       1.2952837      0.93164567
       1.2953022      0.92486101
       1.2953207      0.92001765
       1.2953392      0.92588810
       1.2953577      0.91283716
       1.2953761      0.89634344
       1.2953946      0.87480150
       1.2954131      0.87532788
       1.2954316      0.86147026
       1.2954500      0.85076155
       1.2954685      0.83911863
       1.2954870      0.83110469
       1.2955055      0.81563404
       1.2955240      0.81327199
       1.2955423      0.78780309
       1.2955608      0.78013050
       1.2955793      0.75694509
       1.2955977      0.74166173
       1.2956162      0.74068982
       1.2956347      0.75474170
       1.2956532      0.75535553
       1.2956717      0.74926266
       1.2956901      0.75104519
       1.2957086      0.74572641
       1.2957271      0.75174980
       1.2957456      0.75471200
       1.2957640      0.75691788
       1.2957825      0.75666470
       1.2958010      0.76363385
       1.2958195      0.77578179
       1.2958378      0.78037868
       1.2958563      0.78493603
       1.2958748      0.78864016
       1.2958933      0.77779764
       1.2959117      0.78457743
       1.2959302      0.78237563
       1.2959487      0.79261097
       1.2959672      0.77631546
       1.2959857      0.78237575
       1.2960041      0.77093738
       1.2960226      0.76724087
       1.2960411      0.75343781
       1.2960596      0.74299978
       1.2960780      0.73204684
       1.2960965      0.74186267
       1.2961150      0.73556761
       1.2961334      0.74183586
       1.2961518      0.73351195
       1.2961703      0.73185374
       1.2961888      0.74256522
       1.2962072      0.74229360
       1.2962256      0.73521026
       1.2962441      0.75618778
       1.2962626      0.74621276
       1.2962811      0.72534229
       1.2962995      0.72860732
       1.2963180      0.72720341
       1.2963365      0.72872303
       1.2963550      0.74207079
       1.2963735      0.74298015
       1.2963919      0.74307950
       1.2964104      0.74480887
       1.2964288      0.76094663
       1.2964473      0.78449392
       1.2964657      0.78071296
       1.2964842      0.78966885
       1.2965027      0.79349840
       1.2965212      0.79876052
       1.2965396      0.80830919
       1.2965581      0.80786894
       1.2965766      0.81759458
       1.2965951      0.81686917
       1.2966135      0.81410369
       1.2966320      0.81225361
       1.2966505      0.80658383
       1.2966690      0.81625374
       1.2966875      0.80725866
       1.2967059      0.80276168
       1.2967243      0.80544839
       1.2967428      0.82236714
       1.2967612      0.81747309
       1.2967797      0.82491830
       1.2967982      0.82914012
       1.2968167      0.83094394
       1.2968352      0.82267060
       1.2968536      0.81570544
       1.2968721      0.81048369
       1.2968906      0.82228486
       1.2969091      0.82053606
       1.2969275      0.81099887
       1.2969460      0.79219979
       1.2969645      0.79121967
       1.2969830      0.78868626
       1.2970015      0.77783364
       1.2970198      0.76858736
       1.2970383      0.76563438
       1.2970568      0.76096434
       1.2970752      0.75827504
       1.2970937      0.76367517
       1.2971122      0.77038150
       1.2971307      0.76345936
       1.2971492      0.77130331
       1.2971676      0.77389860
       1.2971861      0.77171771
       1.2972046      0.76702252
       1.2972231      0.78616313
       1.2972415      0.80727073
       1.2972600      0.81658487
       1.2972785      0.81439983
       1.2972970      0.80543234
       1.2973153      0.79024025
       1.2973338      0.77044542
       1.2973523      0.77563685
       1.2973708      0.77649344
       1.2973892      0.77302240
       1.2974077      0.76612379
       1.2974261      0.76792440
       1.2974446      0.77374798
       1.2974631      0.76526154
       1.2974815      0.77114685
       1.2975000      0.78167637
       1.2975185      0.79086262
       1.2975370      0.81428927
       1.2975554      0.82030614
       1.2975739      0.84089476
       1.2975924      0.84906799
       1.2976108      0.85707163
       1.2976292      0.87449288
       1.2976477      0.88062981
       1.2976662      0.87837188
       1.2976847      0.88776804
       1.2977031      0.87804101
       1.2977216      0.87863010
       1.2977401      0.87449353
       1.2977586      0.86451099
       1.2977770      0.85075584
       1.2977955      0.84583951
       1.2978140      0.82751701
       1.2978325      0.81422497
       1.2978510      0.81004134
       1.2978694      0.81463576
       1.2978879      0.81326222
       1.2979063      0.82041465
       1.2979247      0.82104366
       1.2979432      0.82082840
       1.2979617      0.82063434
       1.2979802      0.82850874
       1.2979987      0.83424340
       1.2980171      0.82859152
       1.2980356      0.82445263
       1.2980541      0.82274185
       1.2980726      0.82439028
       1.2980910      0.82833693
       1.2981095      0.83014245
       1.2981280      0.82810776
       1.2981465      0.83030113
       1.2981650      0.82175938
       1.2981834      0.81664845
       1.2982018      0.81532809
       1.2982203      0.81533434
       1.2982387      0.81675636
       1.2982572      0.82666730
       1.2982757      0.82763202
       1.2982942      0.82702053
       1.2983127      0.82122663
       1.2983311      0.82953792
       1.2983496      0.82424728
       1.2983681      0.81751861
       1.2983866      0.81096492
       1.2984050      0.80943839
       1.2984235      0.79858254
       1.2984420      0.79204411
       1.2984605      0.78034040
       1.2984790      0.79566807
       1.2984973      0.79378353
       1.2985158      0.78928019
       1.2985343      0.78847002
       1.2985527      0.78947565
       1.2985712      0.79729825
       1.2985897      0.79692329
       1.2986082      0.81759595
       1.2986267      0.82976274
       1.2986450      0.84330134
       1.2986635      0.85728283
       1.2986820      0.86398071
       1.2987005      0.87491964
       1.2987189      0.89178116
       1.2987374      0.88968003
       1.2987559      0.90507145
       1.2987744      0.89780556
       1.2987927      0.92789006
       1.2988112      0.93379871
       1.2988297      0.94073848
       1.2988482      0.94512370
       1.2988666      0.93950233
       1.2988851      0.93723631
       1.2989036      0.94474938
       1.2989221      0.92695596
       1.2989406      0.94104886
       1.2989590      0.93174220
       1.2989775      0.94002625
       1.2989960      0.93411588
       1.2990145      0.93357317
       1.2990329      0.94293155
       1.2990514      0.94604467
       1.2990699      0.93786672
       1.2990883      0.95345538
       1.2991067      0.95749056
       1.2991252      0.96316215
       1.2991437      0.96588422
       1.2991622      0.95394495
       1.2991806      0.95727517
       1.2991991      0.94886279
       1.2992176      0.94279659
       1.2992361      0.92835080
       1.2992545      0.93589278
       1.2992730      0.91751126
       1.2992915      0.92797652
       1.2993100      0.91210076
       1.2993285      0.89902668
       1.2993469      0.87418883
       1.2993654      0.86247091
       1.2993838      0.86698453
       1.2994022      0.87497328
       1.2994207      0.86593128
       1.2994392      0.86412946
       1.2994577      0.84953222
       1.2994762      0.85534010
       1.2994946      0.84657383
       1.2995131      0.84702425
       1.2995316      0.84463848
       1.2995501      0.83984895
       1.2995685      0.84155471
       1.2995870      0.84071325
       1.2996055      0.84879475
       1.2996240      0.85380146
       1.2996425      0.85740459
       1.2996609      0.87002726
       1.2996793      0.88925515
       1.2996978      0.88869982
       1.2997162      0.91324474
       1.2997347      0.92520359
       1.2997532      0.93783429
       1.2997717      0.93678843
       1.2997902      0.95321086
       1.2998086      0.96130380
       1.2998271      0.96799704
       1.2998456      0.96516066
       1.2998640      0.97187201
       1.2998824      0.97372899
       1.2999009      0.97765507
       1.2999194      0.97015412
       1.2999379      0.96234930
       1.2999564      0.96398270
       1.2999748      0.94237832
       1.2999932      0.95132813
       1.3000117      0.94369024
       1.3000301      0.92621506
       1.3000486      0.91803526
       1.3000671      0.91417136
       1.3000856      0.90212398
       1.3001041      0.89471614
       1.3001225      0.87510509
       1.3001410      0.87433083
       1.3001595      0.86100840
       1.3001780      0.86223740
       1.3001964      0.86711856
       1.3002149      0.86048458
       1.3002334      0.85764317
       1.3002519      0.83536535
       1.3002702      0.85055815
       1.3002887      0.84853923
       1.3003072      0.83893656
       1.3003257      0.81158273
       1.3003441      0.83116902
       1.3003626      0.84096310
       1.3003811      0.84805926
       1.3003996      0.82545737
       1.3004181      0.82499933
       1.3004365      0.83155207
       1.3004550      0.82972492
       1.3004735      0.83487144
       1.3004920      0.83631986
       1.3005104      0.83864794
       1.3005289      0.82744166
       1.3005474      0.83779622
       1.3005659      0.83826128
       1.3005842      0.84929297
       1.3006027      0.85677245
       1.3006212      0.87468521
       1.3006397      0.87638712
       1.3006581      0.89172122
       1.3006766      0.91267632
       1.3006951      0.92447045
       1.3007136      0.93098692
       1.3007320      0.93699573
       1.3007505      0.94524515
       1.3007690      0.95096134
       1.3007875      0.95918837
       1.3008060      0.95941884
       1.3008244      0.96704808
       1.3008429      0.96143817
       1.3008613      0.96787652
       1.3008797      0.95024282
       1.3008982      0.94966532
       1.3009167      0.94030562
       1.3009352      0.94671336
       1.3009537      0.93167603
       1.3009721      0.94414200
       1.3009906      0.94896654
       1.3010091      0.94644112
       1.3010276      0.94425265
       1.3010460       1.0078361
       1.3010645      0.97471740
       1.3010829      0.93899368
       1.3011014      0.93645882
       1.3011199      0.93801654
       1.3011383      0.95904238
       1.3011568      0.95736177
       1.3011752      0.96767151
       1.3011936      0.96485379
       1.3012121      0.94852502
       1.3012306      0.94852502
       1.3012491      0.94852502
       1.3012676      0.94852502
       1.3012860      0.94852502
       1.3013045      0.94852502
       1.3013230      0.94852502
       1.3013415      0.94852502
       1.3013599      0.94852502
       1.3013784      0.94852502
       1.3013969      0.94852502
       1.3014154      0.94852502
